1	1	[139, 140, 146, 149, 154]
1	3	[127, 134, 138, 139, 140]
1	5	[137, 138, 140, 144, 157]
1	7	[126, 127, 135, 140, 144]
1	9	[124, 128, 140, 154, 157]
1	11	[128, 140, 144, 145, 157]
1	13	[137, 154, 157, 158, 167]
2	1	[526, 539, 546, 549, 544]
2	3	[525, 527, 539, 542, 543]
2	7	[517, 514, 526, 535, 542]
2	9	[516, 526, 539, 543, 559]
2	11	[519, 527, 535, 539, 560]
2	13	[524, 527, 539, 542, 543]
2	15	[516, 526, 535, 539, 546]
3	1	[706, 720, 723, 732, 733]
3	3	[706, 720, 723, 726, 730]
3	5	[720, 723, 726, 727, 733]
3	7	[706, 710, 720, 733, 737]
3	9	[707, 720, 723, 733, 730]
3	11	[702, 713, 720, 733, 737]
3	13	[720, 723, 726, 732, 737]
3	15	[706, 711, 720, 732, 739]
4	1	[172, 185, 188, 202, 207]
4	3	[176, 181, 185, 202, 206]
4	5	[171, 181, 185, 197, 207]
4	7	[172, 179, 185, 196, 206]
4	9	[172, 174, 185, 188, 206]
4	11	[169, 174, 182, 195, 204]
4	13	[172, 181, 185, 193, 207]
4	15	[174, 179, 185, 202, 206]
5	1	[877, 885, 894, 896, 905]
5	3	[860, 868, 874, 875, 876]
5	7	[850, 851, 867, 882, 886]
5	9	[875, 879, 885, 887, 905]
5	13	[868, 874, 879, 881, 905]
5	15	[854, 868, 872, 876, 879]
6	1	[409, 427, 456, 468, 467]
6	3	[410, 414, 427, 430, 431]
6	5	[410, 428, 430, 456, 467]
6	7	[409, 413, 415, 427, 467]
6	11	[403, 407, 413, 416, 480]
6	13	[431, 453, 456, 472, 467]
6	15	[409, 413, 427, 456, 468]
7	1	[617, 623, 624, 626, 633]
7	3	[617, 622, 624, 626, 630]
7	5	[617, 622, 623, 624, 626]
7	7	[606, 612, 617, 623, 630]
7	9	[606, 617, 623, 624, 630]
7	11	[612, 617, 621, 630, 637]
7	13	[606, 608, 617, 622, 624]
7	15	[616, 617, 621, 626, 630]
8	1	[244, 248, 249, 267, 268]
8	3	[248, 252, 254, 257, 267]
8	5	[244, 246, 254, 267, 268]
8	7	[244, 248, 249, 261, 268]
8	9	[244, 246, 248, 249, 267]
8	11	[244, 247, 257, 263, 268]
8	13	[249, 252, 254, 267, 268]
8	15	[244, 247, 248, 252, 255]
9	1	[363, 366, 367, 368, 369]
9	3	[347, 352, 363, 365, 367]
9	5	[348, 363, 365, 367, 368]
9	7	[343, 345, 353, 363, 367]
9	9	[343, 347, 350, 367, 369]
9	11	[350, 355, 363, 367, 369]
9	13	[344, 347, 355, 365, 371]
9	15	[348, 356, 363, 366, 369]
10	1	[970, 990, 992, 994, 1000]
10	3	[971, 972, 977, 992, 1000]
10	7	[965, 970, 981, 992, 990]
10	9	[969, 979, 990, 992, 1003]
10	11	[965, 969, 981, 993, 1004]
10	15	[967, 970, 981, 992, 1004]
11	1	[827, 830, 835, 840, 842]
11	3	[824, 830, 831, 835, 842]
11	5	[824, 827, 830, 831, 842]
11	7	[823, 830, 835, 838, 842]
11	9	[816, 824, 827, 830, 831]
11	11	[824, 827, 835, 838, 840]
11	13	[817, 818, 824, 831, 835]
11	15	[816, 827, 830, 840, 842]
12	1	[309, 312, 320, 324, 339]
12	3	[309, 312, 323, 324, 340]
12	5	[309, 312, 314, 322, 323]
12	7	[309, 314, 318, 323, 329]
12	9	[309, 312, 322, 339, 342]
12	11	[309, 312, 316, 339, 342]
12	13	[312, 323, 324, 327, 339]
12	15	[309, 312, 313, 333, 339]
13	1	[1, 4, 16, 24, 52]
13	3	[1, 4, 6, 52, 53]
13	5	[1, 2, 4, 7, 40]
13	7	[1, 6, 42, 45, 52]
13	9	[1, 6, 24, 30, 55]
13	11	[1, 5, 7, 45, 50]
13	15	[1, 4, 6, 43, 52]
14	1	[567, 577, 584, 586, 589]
14	3	[567, 574, 575, 584, 589]
14	5	[563, 564, 575, 591, 600]
14	7	[563, 567, 570, 591, 595]
14	9	[567, 570, 582, 589, 601]
14	11	[563, 564, 567, 571, 589]
14	15	[567, 570, 573, 584, 598]
15	1	[212, 229, 231, 238, 242]
15	3	[214, 219, 220, 228, 229]
15	5	[228, 229, 230, 231, 242]
15	7	[215, 217, 220, 229, 231]
15	11	[208, 213, 219, 229, 239]
15	13	[210, 228, 229, 230, 232]
15	15	[208, 211, 224, 227, 230]
16	1	[95, 97, 102, 116, 122]
16	3	[95, 97, 102, 116, 122]
16	5	[95, 97, 102, 114, 116]
16	7	[95, 103, 105, 111, 114]
16	9	[95, 97, 106, 112, 114]
16	11	[92, 94, 96, 97, 105]
16	13	[95, 102, 112, 115, 114]
16	15	[94, 95, 97, 105, 112]
17	1	[645, 647, 650, 682, 683]
17	3	[639, 645, 648, 650, 651]
17	5	[640, 642, 647, 648, 650]
17	7	[639, 642, 648, 650, 691]
17	9	[639, 647, 650, 651, 698]
17	11	[640, 642, 645, 650, 698]
17	13	[648, 650, 651, 692, 700]
17	15	[642, 643, 645, 650, 700]
18	1	[911, 912, 916, 936, 945]
18	5	[911, 912, 913, 930, 932]
18	7	[914, 915, 916, 930, 936]
18	9	[913, 934, 936, 945, 947]
18	11	[911, 914, 921, 930, 945]
18	13	[910, 930, 933, 936, 945]
18	15	[911, 916, 921, 930, 945]
19	1	[62, 64, 67, 84, 89]
19	3	[64, 65, 67, 85, 89]
19	7	[61, 65, 66, 69, 84]
19	9	[61, 63, 65, 84, 89]
19	11	[61, 64, 67, 84, 87]
19	13	[64, 65, 66, 85, 90]
19	15	[61, 63, 67, 69, 84]
20	1	[1014, 1016, 1021, 1024, 1027]
20	3	[1008, 1009, 1012, 1015, 1023]
20	5	[1009, 1016, 1022, 1032, 1033]
20	7	[1008, 1009, 1015, 1020, 1030]
20	9	[1008, 1009, 1015, 1023, 1033]
20	11	[1008, 1014, 1017, 1023, 1032]
20	13	[1009, 1016, 1022, 1032, 1033]
21	1	[378, 380, 390, 391, 393]
21	3	[378, 385, 388, 391, 396]
21	5	[378, 380, 383, 388, 391]
21	7	[376, 378, 380, 391, 396]
21	9	[378, 380, 387, 390, 393]
21	11	[375, 378, 380, 389, 395]
21	13	[378, 380, 382, 388, 391]
21	15	[376, 378, 380, 387, 396]
22	1	[775, 778, 792, 796, 802]
22	3	[775, 795, 796, 802, 813]
22	5	[794, 795, 802, 804, 811]
22	7	[775, 778, 796, 804, 808]
22	9	[775, 778, 794, 796, 812]
22	11	[774, 775, 778, 796, 812]
22	15	[775, 778, 794, 796, 812]
23	1	[758, 762, 765, 771, 772]
23	3	[743, 746, 751, 762, 765]
23	5	[744, 745, 751, 765, 762]
23	7	[745, 756, 758, 765, 762]
23	9	[743, 745, 753, 762, 765]
23	11	[743, 753, 756, 761, 771]
23	13	[746, 751, 753, 756, 765]
23	15	[743, 745, 748, 753, 765]
24	1	[482, 487, 491, 498, 500]
24	3	[482, 487, 489, 496, 500]
24	5	[482, 485, 487, 489, 504]
24	7	[481, 482, 494, 500, 507]
24	9	[481, 483, 485, 487, 498]
24	11	[482, 487, 496, 504, 510]
24	13	[482, 487, 489, 496, 504]
24	15	[483, 487, 498, 504, 507]
25	1	[278, 288, 290, 304, 305]
25	3	[282, 290, 292, 305, 308]
25	5	[280, 282, 286, 292, 305]
25	7	[272, 277, 283, 292, 308]
25	9	[273, 274, 279, 288, 308]
25	11	[273, 275, 282, 284, 304]
25	13	[282, 290, 292, 300, 305]
25	15	[278, 282, 290, 297, 304]
26	2	[1872, 1894, 1898, 1901, 1899]
26	4	[1872, 1893, 1894, 1898, 1901]
26	6	[1872, 1881, 1882, 1898, 1904]
26	10	[1870, 1872, 1876, 1894, 1902]
26	12	[1871, 1872, 1886, 1894, 1904]
26	14	[1867, 1870, 1872, 1886, 1904]
27	2	[1295, 1298, 1299, 1302, 1329]
27	4	[1295, 1298, 1299, 1322, 1329]
27	6	[1308, 1323, 1322, 1327, 1362]
27	8	[1295, 1308, 1322, 1323, 1327]
27	10	[1295, 1299, 1308, 1323, 1362]
27	12	[1295, 1317, 1318, 1322, 1329]
27	14	[1295, 1297, 1298, 1305, 1319]
28	2	[1908, 1912, 1914, 1923, 1927]
28	4	[1908, 1912, 1916, 1921, 1924]
28	6	[1908, 1917, 1918, 1920, 1922]
28	8	[1905, 1908, 1912, 1920, 1921]
28	10	[1905, 1908, 1912, 1918, 1937]
28	12	[1906, 1908, 1912, 1921, 1937]
28	14	[1908, 1912, 1914, 1921, 1937]
29	2	[1445, 1447, 1463, 1484, 1483]
29	4	[1442, 1445, 1463, 1482, 1483]
29	6	[1445, 1447, 1463, 1467, 1474]
29	8	[1463, 1471, 1484, 1483, 1482]
29	10	[1442, 1445, 1451, 1463, 1483]
29	12	[1463, 1465, 1471, 1486, 1490]
29	14	[1442, 1445, 1451, 1463, 1483]
30	2	[1945, 1946, 1957, 1967, 1977]
30	4	[1945, 1946, 1950, 1951, 1957]
30	6	[1945, 1946, 1955, 1957, 1978]
30	8	[1945, 1946, 1951, 1955, 1956]
30	10	[1942, 1945, 1957, 1971, 1975]
30	12	[1938, 1945, 1946, 1957, 1972]
30	14	[1945, 1946, 1956, 1967, 1978]
31	2	[1102, 1108, 1121, 1127, 1136]
31	4	[1104, 1109, 1118, 1136, 1127]
31	6	[1109, 1125, 1136, 1129, 1143]
31	8	[1118, 1136, 1129, 1127, 1132]
31	12	[1104, 1105, 1109, 1113, 1118]
31	14	[1105, 1109, 1111, 1118, 1140]
32	2	[1064, 1065, 1069, 1072, 1079]
32	4	[1063, 1064, 1069, 1072, 1094]
32	6	[1071, 1084, 1079, 1088, 1092]
32	8	[1069, 1070, 1078, 1092, 1094]
32	10	[1064, 1069, 1072, 1083, 1092]
32	12	[1064, 1069, 1070, 1076, 1079]
32	14	[1064, 1067, 1071, 1076, 1095]
33	2	[2098, 2105, 2107, 2126, 2152]
33	4	[2106, 2107, 2126, 2149, 2152]
33	6	[2123, 2125, 2129, 2149, 2152]
33	8	[2107, 2118, 2126, 2149, 2152]
33	10	[2098, 2108, 2123, 2126, 2152]
33	12	[2098, 2103, 2108, 2118, 2126]
34	2	[1155, 1171, 1172, 1184, 1185]
34	4	[1153, 1161, 1162, 1171, 1172]
34	6	[1155, 1163, 1172, 1175, 1185]
34	8	[1155, 1162, 1172, 1182, 1185]
34	10	[1156, 1162, 1168, 1172, 1184]
34	12	[1155, 1169, 1172, 1179, 1185]
34	14	[1155, 1168, 1172, 1183, 1186]
35	2	[2018, 2021, 2022, 2039, 2044]
35	4	[2021, 2025, 2039, 2041, 2078]
35	6	[2036, 2039, 2044, 2060, 2081]
35	8	[2034, 2036, 2039, 2040, 2043]
35	10	[2039, 2044, 2054, 2076, 2081]
35	14	[2022, 2039, 2043, 2071, 2078]
36	2	[1726, 1731, 1732, 1747, 1755]
36	6	[1720, 1722, 1732, 1734, 1748]
36	8	[1731, 1732, 1735, 1743, 1755]
36	10	[1731, 1732, 1740, 1748, 1755]
36	12	[1718, 1720, 1725, 1729, 1732]
36	14	[1726, 1729, 1732, 1735, 1740]
37	2	[1035, 1036, 1040, 1043, 1050]
37	4	[1035, 1036, 1038, 1047, 1053]
37	6	[1037, 1040, 1043, 1045, 1046]
37	8	[1035, 1036, 1038, 1045, 1053]
37	10	[1036, 1040, 1047, 1053, 1059]
37	12	[1035, 1036, 1039, 1040, 1059]
37	14	[1035, 1036, 1040, 1050, 1059]
38	8	[1568, 1571, 1582, 1591, 1602]
38	10	[1571, 1577, 1587, 1593, 1602]
38	12	[1578, 1582, 1593, 1598, 1610]
38	14	[1566, 1568, 1571, 1585, 1592]
39	2	[1191, 1193, 1227, 1232, 1235]
39	4	[1191, 1199, 1227, 1232, 1235]
39	6	[1193, 1209, 1217, 1224, 1235]
39	8	[1229, 1235, 1238, 1242, 1243]
39	10	[1206, 1217, 1224, 1233, 1235]
39	12	[1191, 1215, 1227, 1229, 1235]
39	14	[1191, 1215, 1227, 1233, 1232]
40	2	[1829, 1832, 1850, 1852, 1863]
40	4	[1829, 1830, 1837, 1843, 1848]
40	6	[1829, 1830, 1832, 1842, 1863]
40	8	[1829, 1830, 1841, 1842, 1862]
40	10	[1829, 1830, 1848, 1861, 1863]
40	12	[1827, 1829, 1830, 1841, 1863]
40	14	[1829, 1830, 1836, 1843, 1863]
41	2	[1808, 1812, 1820, 1821, 1822]
41	4	[1808, 1812, 1816, 1817, 1818]
41	6	[1808, 1811, 1816, 1817, 1822]
41	8	[1801, 1811, 1813, 1816, 1821]
41	10	[1797, 1801, 1813, 1816, 1826]
41	12	[1791, 1799, 1809, 1812, 1822]
42	2	[1382, 1395, 1404, 1426, 1438]
42	4	[1389, 1403, 1427, 1426, 1435]
42	6	[1391, 1395, 1404, 1423, 1439]
42	8	[1427, 1425, 1426, 1428, 1430]
42	10	[1385, 1398, 1404, 1426, 1438]
42	12	[1385, 1391, 1399, 1404, 1434]
42	14	[1391, 1395, 1401, 1404, 1435]
43	2	[1647, 1648, 1653, 1654, 1678]
43	4	[1647, 1648, 1658, 1661, 1664]
43	6	[1648, 1658, 1660, 1662, 1676]
43	8	[1647, 1648, 1650, 1653, 1660]
43	10	[1647, 1648, 1652, 1654, 1678]
43	12	[1647, 1648, 1654, 1675, 1678]
43	14	[1647, 1648, 1653, 1661, 1678]
44	2	[1757, 1759, 1764, 1774, 1786]
44	4	[1757, 1759, 1764, 1772, 1790]
44	6	[1757, 1759, 1762, 1764, 1770]
44	8	[1757, 1759, 1761, 1764, 1770]
44	10	[1759, 1764, 1772, 1778, 1786]
44	12	[1757, 1759, 1761, 1764, 1769]
44	14	[1757, 1759, 1765, 1778, 1786]
45	2	[1615, 1620, 1631, 1634, 1636]
45	4	[1615, 1622, 1631, 1635, 1641]
45	6	[1622, 1624, 1631, 1632, 1634]
45	8	[1613, 1618, 1624, 1634, 1636]
45	10	[1617, 1620, 1631, 1634, 1637]
45	12	[1616, 1618, 1620, 1631, 1638]
45	14	[1615, 1620, 1631, 1634, 1637]
46	2	[1492, 1494, 1497, 1499, 1502]
46	4	[1492, 1493, 1494, 1499, 1502]
46	6	[1495, 1497, 1499, 1501, 1509]
46	8	[1492, 1495, 1497, 1499, 1501]
46	10	[1495, 1497, 1499, 1506, 1509]
46	12	[1492, 1497, 1499, 1502, 1508]
46	14	[1494, 1497, 1499, 1504, 1508]
47	2	[1251, 1258, 1267, 1273, 1278]
47	4	[1244, 1251, 1262, 1267, 1273]
47	6	[1245, 1264, 1267, 1271, 1273]
47	8	[1263, 1264, 1267, 1271, 1272]
47	10	[1245, 1267, 1269, 1271, 1288]
47	12	[1244, 1250, 1258, 1261, 1267]
47	14	[1250, 1258, 1271, 1273, 1282]
48	2	[1684, 1686, 1691, 1698, 1715]
48	4	[1688, 1689, 1698, 1715, 1716]
48	6	[1695, 1696, 1698, 1704, 1709]
48	8	[1695, 1698, 1700, 1715, 1716]
48	10	[1691, 1698, 1704, 1710, 1715]
48	12	[1686, 1691, 1693, 1695, 1698]
48	14	[1691, 1695, 1698, 1709, 1715]
49	4	[1980, 2000, 2005, 2015, 2017]
49	6	[1992, 1993, 2005, 2013, 2017]
49	8	[1987, 1992, 1993, 2000, 2017]
49	10	[1999, 2001, 2011, 2015, 2017]
49	12	[1980, 1993, 2000, 2005, 2017]
49	14	[1980, 1993, 1999, 2000, 2005]
50	4	[1511, 1524, 1532, 1538, 1542]
50	8	[1517, 1519, 1520, 1524, 1534]
50	10	[1511, 1524, 1529, 1532, 1543]
50	14	[1511, 1517, 1524, 1534, 1542]
