8	1	1
9	1	0
13	1	4
20	1	1
24	1	3
25	1	1
30	1	2
39	1	3
40	1	4
43	1	1
47	1	4
53	1	4
55	1	3
56	1	2
63	1	4
64	1	2
65	1	2
75	1	4
76	1	4
83	1	4
84	1	1
86	1	2
96	1	1
97	1	3
99	1	0
2	2	2
5	2	3
7	2	0
14	2	2
17	2	1
23	2	0
28	2	2
29	2	1
33	2	0
34	2	3
36	2	4
41	2	1
42	2	4
45	2	2
48	2	3
49	2	4
54	2	3
60	2	1
66	2	1
67	2	3
70	2	0
74	2	4
80	2	3
89	2	2
90	2	1
3	3	0
4	3	1
15	3	2
18	3	4
19	3	1
22	3	2
26	3	2
31	3	2
37	3	0
38	3	0
44	3	1
46	3	4
57	3	0
58	3	0
59	3	4
61	3	3
68	3	0
72	3	4
73	3	0
79	3	1
81	3	3
82	3	1
91	3	0
93	3	0
100	3	3
1	4	1
6	4	2
10	4	3
11	4	0
12	4	3
16	4	1
21	4	2
27	4	3
32	4	0
35	4	3
50	4	2
51	4	0
52	4	4
62	4	4
69	4	3
71	4	2
77	4	2
78	4	0
85	4	4
87	4	3
88	4	1
92	4	4
94	4	0
95	4	2
98	4	3
1	5	1
4	5	1
6	5	2
10	5	3
13	5	4
19	5	1
21	5	2
22	5	2
28	5	2
30	5	2
33	5	0
37	5	0
40	5	4
41	5	1
43	5	1
49	5	4
57	5	0
61	5	3
65	5	2
69	5	3
78	5	0
84	5	1
89	5	2
94	5	0
96	5	1
5	6	3
9	6	0
12	6	3
24	6	3
26	6	2
31	6	2
34	6	3
35	6	3
50	6	2
51	6	0
58	6	0
59	6	4
63	6	4
64	6	2
66	6	1
68	6	0
72	6	4
73	6	0
80	6	3
82	6	1
86	6	2
92	6	4
93	6	0
95	6	2
99	6	0
2	7	2
3	7	0
7	7	0
8	7	1
16	7	1
17	7	1
20	7	1
23	7	0
36	7	4
39	7	3
44	7	1
45	7	2
48	7	3
55	7	3
62	7	4
70	7	0
71	7	2
75	7	4
76	7	4
79	7	1
81	7	3
88	7	1
90	7	1
97	7	3
98	7	3
11	8	0
14	8	2
15	8	2
18	8	4
25	8	1
27	8	3
29	8	1
32	8	0
38	8	0
42	8	4
46	8	4
47	8	4
52	8	4
53	8	4
54	8	3
56	8	2
60	8	1
67	8	3
74	8	4
77	8	2
83	8	4
85	8	4
87	8	3
91	8	0
100	8	3
1	9	1
3	9	0
15	9	2
16	9	1
17	9	1
20	9	1
21	9	2
22	9	2
23	9	0
24	9	3
32	9	0
35	9	3
39	9	3
41	9	1
46	9	4
48	9	3
53	9	4
55	9	3
60	9	1
67	9	3
76	9	4
85	9	4
87	9	3
95	9	2
99	9	0
4	10	1
5	10	3
7	10	0
18	10	4
19	10	1
26	10	2
27	10	3
34	10	3
36	10	4
44	10	1
52	10	4
57	10	0
64	10	2
66	10	1
70	10	0
73	10	0
74	10	4
80	10	3
83	10	4
88	10	1
89	10	2
92	10	4
93	10	0
97	10	3
100	10	3
6	11	2
9	11	0
10	11	3
12	11	3
14	11	2
28	11	2
30	11	2
33	11	0
40	11	4
43	11	1
49	11	4
50	11	2
56	11	2
61	11	3
65	11	2
69	11	3
71	11	2
77	11	2
79	11	1
82	11	1
86	11	2
90	11	1
96	11	1
98	11	3
2	12	2
8	12	1
11	12	0
13	12	4
25	12	1
29	12	1
31	12	2
37	12	0
38	12	0
42	12	4
45	12	2
47	12	4
51	12	0
54	12	3
59	12	4
62	12	4
63	12	4
68	12	0
72	12	4
75	12	4
78	12	0
81	12	3
84	12	1
91	12	0
94	12	0
1	13	1
3	13	0
4	13	1
12	13	3
18	13	4
20	13	1
24	13	3
26	13	2
36	13	4
38	13	0
40	13	4
43	13	1
47	13	4
50	13	2
53	13	4
55	13	3
67	13	3
70	13	0
73	13	0
75	13	4
79	13	1
85	13	4
87	13	3
93	13	0
97	13	3
6	14	2
10	14	3
13	14	4
21	14	2
22	14	2
23	14	0
35	14	3
37	14	0
39	14	3
41	14	1
42	14	4
44	14	1
54	14	3
57	14	0
62	14	4
65	14	2
66	14	1
68	14	0
74	14	4
78	14	0
86	14	2
89	14	2
94	14	0
95	14	2
2	15	2
8	15	1
9	15	0
14	15	2
15	15	2
16	15	1
25	15	1
28	15	2
29	15	1
32	15	0
33	15	0
45	15	2
48	15	3
49	15	4
51	15	0
60	15	1
63	15	4
64	15	2
71	15	2
77	15	2
81	15	3
84	15	1
90	15	1
92	15	4
98	15	3
5	16	3
7	16	0
11	16	0
17	16	1
19	16	1
27	16	3
30	16	2
31	16	2
34	16	3
46	16	4
52	16	4
56	16	2
61	16	3
69	16	3
72	16	4
76	16	4
80	16	3
82	16	1
83	16	4
88	16	1
91	16	0
96	16	1
99	16	0
100	16	3
5	17	3
8	17	1
13	17	4
16	17	1
18	17	4
22	17	2
23	17	0
28	17	2
33	17	0
35	17	3
43	17	1
44	17	1
47	17	4
55	17	3
57	17	0
58	17	0
64	17	2
67	17	3
71	17	2
77	17	2
81	17	3
84	17	1
90	17	1
95	17	2
97	17	3
3	18	0
6	18	2
10	18	3
19	18	1
20	18	1
24	18	3
26	18	2
29	18	1
30	18	2
36	18	4
39	18	3
50	18	2
53	18	4
59	18	4
62	18	4
63	18	4
65	18	2
80	18	3
83	18	4
85	18	4
87	18	3
92	18	4
94	18	0
99	18	0
100	18	3
2	19	2
4	19	1
9	19	0
12	19	3
14	19	2
17	19	1
21	19	2
25	19	1
27	19	3
31	19	2
34	19	3
37	19	0
40	19	4
41	19	1
42	19	4
56	19	2
60	19	1
61	19	3
66	19	1
74	19	4
79	19	1
88	19	1
91	19	0
93	19	0
96	19	1
1	20	1
7	20	0
11	20	0
15	20	2
32	20	0
38	20	0
45	20	2
46	20	4
48	20	3
49	20	4
51	20	0
52	20	4
68	20	0
69	20	3
70	20	0
72	20	4
73	20	0
75	20	4
76	20	4
78	20	0
82	20	1
86	20	2
89	20	2
98	20	3
3	21	0
8	21	1
11	21	0
14	21	2
19	21	1
22	21	2
23	21	0
25	21	1
36	21	4
38	21	0
41	21	1
47	21	4
50	21	2
53	21	4
58	21	0
59	21	4
64	21	2
66	21	1
75	21	4
80	21	3
84	21	1
88	21	1
90	21	1
92	21	4
99	21	0
1	22	1
15	22	2
16	22	1
20	22	1
21	22	2
27	22	3
32	22	0
33	22	0
34	22	3
49	22	4
51	22	0
54	22	3
60	22	1
62	22	4
65	22	2
72	22	4
76	22	4
79	22	1
81	22	3
89	22	2
91	22	0
93	22	0
96	22	1
97	22	3
2	23	2
6	23	2
10	23	3
12	23	3
24	23	3
28	23	2
37	23	0
39	23	3
40	23	4
43	23	1
48	23	3
52	23	4
55	23	3
61	23	3
63	23	4
67	23	3
69	23	3
74	23	4
77	23	2
78	23	0
82	23	1
86	23	2
95	23	2
98	23	3
100	23	3
4	24	1
5	24	3
7	24	0
9	24	0
13	24	4
17	24	1
18	24	4
26	24	2
29	24	1
30	24	2
31	24	2
35	24	3
42	24	4
44	24	1
46	24	4
57	24	0
68	24	0
70	24	0
71	24	2
73	24	0
83	24	4
85	24	4
87	24	3
94	24	0
